30.35	22.6	1
29.85	22.55	1
29.4	22.15	1
29.45	21.7	1
29.8	21.9	0
30.2	22.2	0
30.7	22.05	1
30.4	21.75	0
30.05	21.5	0
29.8	21.2	1
31	21.7	1
30.85	21.25	0
30.35	21.15	0
29.8	20.7	1
30.15	20.55	0
30.75	20.75	0
31.15	20.85	0
31.35	21.35	1
31.95	21.5	1
31.75	21.05	0
32.15	21.05	0
32.65	21.15	0
32.45	21.7	1
33.05	21.75	1
33.25	21.2	0
33.6	21.7	1
34.1	21.5	1
33.75	21.1	0
34.65	21.3	1
34.15	20.85	0
34.65	20.75	0
35.05	21.1	1
35.45	20.7	1
35.8	20.3	1
35.2	20.25	0
35.6	19.8	1
35.25	19.35	1
34.9	19.85	0
34.5	20.3	0
34.65	19.4	1
34.15	19.7	1
34	20.15	0
33.6	20.4	0
33.15	20.55	0
32.75	20.65	0
33.6	19.9	1
33.05	19.95	1
32.45	20	1
32.3	20.55	0
31.9	20	1
31.75	20.45	0
31.3	20.35	0
31.3	19.8	1
30.9	20.2	0
30.35	20.05	0
29.85	19.95	0
30.55	19.6	0
31	19.4	1
29.45	20.2	1
29.1	19.85	1
28.7	19.65	1
28.2	19.35	1
27.95	18.75	1
28.15	18.35	1
28.45	18.1	1
28.75	17.7	1
29.15	17.35	1
29.65	17.15	1
30.15	17.05	1
30.8	16.9	1
31.35	17.2	1
31.3	17.85	1
31.05	18.35	1
30.9	18.95	1
30.35	19.05	0
30	19.5	0
29.45	19.6	0
28.95	19.25	0
28.5	18.85	0
28.75	18.4	0
29.15	18.8	0
29.55	19.1	0
29.9	18.7	0
29.55	18.4	0
29.05	18.2	0
29.5	17.8	0
30	18.25	0
30.5	18.6	0
30.6	18.05	0
29.9	17.7	0
30.3	17.5	0
30.8	17.5	0
11.4	12.55	1
12.05	12.75	1
12.7	13	1
13.35	13.05	1
14.2	12.95	1
15.05	12.95	1
15.6	12.95	1
16.1	13.1	1
15.95	12.6	0
15.4	12.45	0
14.65	12.4	0
13.85	12.4	0
13.15	12.2	0
12.65	12.4	0
11.9	12.1	0
12	11.5	0
12.65	11.65	0
13.4	11.65	0
14.1	11.7	0
14.6	11.8	0
15.2	11.95	0
15.05	11.55	1
14.45	11.2	1
13.95	10.9	1
13.05	11.1	0
13.55	10.65	1
12.45	10.9	0
13.2	10.25	1
11.25	11.1	0
11.25	11.85	0
10.7	12.25	1
10.05	11.85	1
10.6	11.6	0
9.75	11.35	1
10.4	10.9	0
9.75	10.6	1
9.75	9.8	1
10.35	10.2	0
10.9	10.4	0
11.7	10.55	0
12.4	10.1	0
12.9	9.7	1
12.35	9.65	0
11.85	10	0
11.15	9.8	0
10.65	9.55	0
10.1	9.25	1
10.75	9	1
11.1	9.3	0
11.7	9.4	0
12.15	9.1	0
12.85	9.05	1
12.45	8.7	0
11.95	8.25	0
11.7	8.85	0
11.3	8.5	1
11.55	7.95	1
12.9	8.5	1
13.25	8.05	1
12.65	7.95	0
12.1	7.6	0
11.65	7.35	1
12.2	7	0
11.8	6.65	1
12.65	7.3	0
13.2	7.55	0
13.65	7.75	1
14.35	7.55	1
13.8	7.3	0
13.35	6.85	0
12.7	6.7	0
12.45	6.25	1
13.2	5.85	1
13.65	6.25	0
14.1	6.75	0
14.7	6.9	0
15	7.5	1
15.85	7.3	1
15.35	7.05	0
15.1	6.35	0
14.45	6.3	0
14.75	5.75	1
13.95	5.8	1
15.5	5.9	1
15.8	6.4	0
16.05	6.85	0
16.55	7.1	1
16.7	6.5	0
16.25	6.1	1
17.05	6.25	1
15.85	11.55	1
15.9	12.1	0
16.3	11.65	1
16.55	12.05	0
16.5	12.6	0
16.75	13.1	1
17.5	13	1
17.15	12.65	0
17.1	12.1	0
16.9	11.7	1
17.4	11.65	1
17.55	12.1	0
17.75	12.65	1
18.3	12.75	1
18.25	12.25	0
18	11.95	0
17.85	11.5	1
18.3	11.65	0
18.6	12	0
18.85	12.45	1
19.1	11.8	1
18.85	11.45	0
18.5	11.15	1
18.95	10.8	1
19.3	11.15	1
19.4	10.7	0
19.25	10.35	1
19.9	10.6	1
19.65	10.15	0
19.45	9.75	1
19.9	9.45	0
20.3	10.05	0
20.65	10.35	1
21.25	10.1	1
20.9	9.9	0
21.65	9.65	1
21.15	9.35	0
20.5	9.4	0
19.5	9.2	1
19.95	8.85	0
20.65	8.8	0
21.2	8.7	0
21.9	8.85	1
21.75	8.25	1
21.65	7.8	1
21.05	8	0
20.3	8.2	0
19.4	8.7	1
19.6	8.05	0
18.95	8.1	1
20	7.6	0
20.55	7.55	0
21.25	7.25	1
20.85	6.85	1
20.25	7.05	0
19.55	7.05	0
19.05	7.45	0
18.35	7.6	1
17.85	7.3	1
18.3	7.1	0
18.95	6.85	0
19.6	6.25	1
20.15	6.45	1
18.8	6.25	1
18.35	6.55	0
17.65	6.55	0
17.25	6.9	1
17.95	6.2	1
17.45	9.85	1
17.2	9.25	1
17	9.6	0
17	10.05	1
16.45	10.1	1
16.5	9.8	0
16.6	9.45	0
16.6	9.05	1
15.9	9	1
16.05	9.35	0
16.05	9.65	0
15.85	9.95	1
15.35	9.9	1
15.6	9.45	0
15.3	9.15	1
15.1	9.55	1
26.21	12.01	1
28.52	11.98	1
30.76	12.06	1
37.03	12.21	1
34.05	11.88	1
26.51	10.01	1
28.42	9.92	0
31.36	10.06	0
37.8	10.21	1
34.22	9.88	0
26.41	8.01	1
28.52	7.9	0
30.76	8.06	0
37.03	8.21	1
33.71	7.88	0
26.11	6.01	1
28.52	5.92	1
30.76	5.98	1
37.63	6.21	1
34.81	5.88	1
14.92	20.05	1
14.82	20.57	1
14.46	20.9	1
13.99	21.37	1
13.49	21.58	1
12.88	21.94	1
12.23	22.05	1
11.61	22.02	1
11.07	21.83	1
10.51	21.6	1
10.02	21.38	1
9.49	20.89	1
9.2	20.43	1
9.05	20.08	1
9.02	19.5	1
9.13	18.91	1
9.33	18.41	1
9.58	17.97	1
10	17.55	1
10.55	17.4	1
11.15	17.21	1
11.69	16.97	1
12.24	17.02	1
12.94	17.17	1
13.42	17.36	1
14.01	17.58	1
14.51	18.05	1
14.73	18.56	1
14.96	18.97	1
15.06	19.51	1
14.39	20.15	0
14	20.63	0
13.48	21.18	0
12.76	21.33	0
11.99	21.46	0
11.21	21.46	0
10.51	21.1	0
9.95	20.61	0
9.58	20.04	0
9.49	19.46	0
9.59	18.87	0
9.91	18.32	0
10.57	17.84	0
11.28	17.52	0
11.98	17.41	0
12.72	17.51	0
13.41	17.82	0
13.98	18.27	0
14.31	18.9	0
14.57	19.58	0
13.78	20.11	0
13.32	20.62	0
12.58	20.85	0
11.78	20.93	0
10.91	20.88	0
10.37	20.46	0
10.09	19.72	0
10.08	19.23	0
10.41	18.63	0
10.95	18.25	0
11.74	17.98	0
12.69	18.14	0
13.32	18.35	0
13.85	18.96	0
14.07	19.52	0
13.18	20.15	0
12.45	20.52	0
11.45	20.46	0
10.83	20.03	0
10.47	19.44	0
10.75	18.89	0
11.55	18.47	0
12.47	18.51	0
13.17	18.87	0
13.44	19.58	0
12.71	19.91	0
12.04	19.94	0
11.34	19.8	0
11.01	19.47	0
11.4	19.17	0
12.01	18.99	0
12.6	19.15	0
12.95	19.55	0
12.01	19.54	0
23.96	19.95	1
23.74	20.49	1
23.35	20.91	1
22.95	21.39	1
22.49	21.7	1
21.88	21.79	1
21.32	21.95	1
20.77	22.06	1
20.05	21.79	1
19.53	21.73	1
19.08	21.28	1
18.56	20.98	1
18.29	20.56	1
18.09	20.06	1
17.98	19.51	1
18	18.9	1
18.35	18.44	1
18.59	18.11	1
18.94	17.59	1
19.47	17.41	1
20.05	17.08	1
20.62	17	1
21.29	16.95	1
21.92	17.05	1
22.52	17.25	1
23.02	17.69	1
23.38	18.02	1
23.75	18.4	1
23.93	19.01	1
23.95	19.56	1
23.46	20.18	0
23.02	20.64	0
22.51	21.07	0
21.85	21.42	0
21.02	21.44	0
20.15	21.36	0
19.6	21.19	0
19.01	20.72	0
18.57	20.13	0
18.56	19.48	0
18.71	18.81	0
18.95	18.33	0
19.45	17.92	0
20.24	17.6	0
21.06	17.56	0
21.82	17.57	0
22.46	17.93	0
22.95	18.25	0
23.34	18.89	0
23.59	19.54	0
22.79	20.07	0
22.4	20.69	0
21.64	20.88	0
20.72	21.05	0
20.02	20.88	0
19.3	20.4	0
19.01	19.87	0
18.99	19.18	0
19.36	18.68	0
20.03	18.15	0
20.76	17.94	0
21.65	18.09	0
22.28	18.32	0
22.82	18.96	0
23.01	19.42	0
22.13	20.14	0
21.45	20.43	0
20.59	20.43	0
19.79	20.13	0
19.57	19.47	0
19.81	19	0
20.46	18.56	0
21.45	18.51	0
22.17	18.96	0
22.59	19.44	0
21.69	19.8	0
21.09	20.05	0
20.35	19.89	0
20.1	19.56	0
20.34	19.07	0
21.02	19.07	0
21.58	19.13	0
21.94	19.42	0
21.08	19.55	0
15.61	19.44	1
16.2	19.5	1
16.89	19.56	1
17.48	19.53	1
17.98	19.58	1
